1.输出结果
23 1 170.7
23 2 160.3
23 3 140.2
23 4 98.6
23 5 38
23 6 20.5
23 7 3.1
23 8 21.2
23 9 64.2
23 10 92
23 11 96
23 12 106
23 13 121.2
23 14 128
23 15 142
25 1 215.7
25 2 205.3
25 3 190.2
25 4 171.6
25 5 111
25 6 95.5
25 7 86
25 8 71.2
25 9 114.2
25 10 142
25 11 146
25 12 156
25 13 171.2
25 14 178
25 15 192
27 1 230.7
27 2 220.3
27 3 200.2
27 4 181.6
27 5 121
27 6 105.5
27 7 96
27 8 86.2
27 9 48.2
27 10 82
27 11 86
27 12 96
27 13 111.2
27 14 118
27 15 132
32 1 260.7
32 2 250.3
32 3 235.2
32 4 216.6
32 5 156
32 6 140.5
32 7 131
32 8 116.2
32 9 84.2
32 10 62
32 11 51
32 12 61
32 13 76.2
32 14 83
32 15 97
31 1 255.7
31 2 245.3
31 3 225.2
31 4 206.6
31 5 146
31 6 130.5
31 7 121
31 8 111.2
31 9 79.2
31 10 57
31 11 33
31 12 51
31 13 71.2
31 14 73
31 15 87
37 1 265.7
37 2 255.3
37 3 235.2
37 4 216.6
37 5 156
37 6 140.5
37 7 131
37 8 121.2
37 9 84.2
37 10 62
37 11 51
37 12 45
37 13 26.2
37 14 11
37 15 28
39 1 275.7
39 2 265.3
39 3 245.2
39 4 226.6
39 5 166
39 6 150.5
39 7 141
39 8 131.2
39 9 99.2
39 10 77
39 11 66
39 12 56
39 13 38.2
39 14 26
39 15 2
105

2.代码
#include <iostream>
#include <algorithm>
#include <cstring>

using namespace std;
const int N = 50, inf = 1e9;
int n, m, k;
double d[N][N];

void floyd()
{
    for(int k = 1; k <= n; k++)
        for(int i = 1; i <= n; i++)
            for(int j = 1; j <= n; j++){
                d[i][j] = min(d[i][j], d[i][k] + d[k][j]);
            }    
}

int main()
{
    cin >> n >> m;
    for(int i = 1; i <= n; i++)
        for(int j = 1; j <= n; j++){
            if(i == j){
                d[i][j] = 0;
                
            } 
            else {
                d[i][j] = inf;
                
            }
        }
    while(m--)
    {
        int x, y;
        double z;
        cin >> x >> y >> z;
        d[x][y] = min(z, d[x][y]);
        d[y][x] = min(z, d[y][x]);
    }
    floyd();
    int cnt = 0;
    int s[7] = {23, 25, 27, 32, 31, 37, 39};
    //int rail[15] = {1, 2, 3, 4, 5, 6, 7, 8, 9, 10, 11, 12, 13, 14, 15};
    
    for(int i = 0; i < 7; i++){
        for(int j = 1; j < 16; j++){
            cout << s[i] << ' ' << j << ' ' << d[s[i]][j] <<endl;
            cnt++;
        }
    }
    cout << cnt;
}



3.输入
23 16 160
23 17 140
23 19 80
23 20 37
23 21 20
23 22 20
23 23 0
23 24 20
23 26 60
23 28 85
23 30 95
23 34 105
23 35 115
23 37 130
23 36 125
23 38 140
23 39 140
25 16 205
25 17 190
25 19 125
25 20 110
25 21 95
25 22 85
25 23 85
25 24 70
25 26 110
25 28 135
25 30 145
25 34 155
25 35 165
25 37 180
25 36 175
25 38 190
25 39 190
27 16 220
27 17 200
27 19 140
27 20 120
27 21 105
27 22 95
27 23 95
27 24 85
27 26 44
27 28 75
27 30 85
27 34 95
27 35 105
27 37 115
27 36 115
27 38 130
27 39 130
32 16 250
32 17 235
32 19 170
32 20 155
32 21 140
32 22 130
32 23 130
32 24 115
32 26 80
32 28 55
32 30 50
32 34 60
32 35 70
32 37 80
32 36 80
32 38 95
32 39 95
31 16 245
31 17 225
31 19 165
31 20 145
31 21 130
31 22 120
31 23 120
31 24 110
31 26 75
31 28 50
31 30 32
31 34 50
31 35 65
31 37 75
31 36 70
31 38 85
31 39 90
37 16 255
37 17 235
37 19 175
37 20 155
37 21 140
37 22 130
37 23 130
37 24 120
37 26 80
37 28 55
37 30 50
37 34 44
37 35 20
37 37 0
37 36 20
37 38 26
37 39 26
39 16 265
39 17 245
39 19 185
39 20 165
39 21 150
39 22 140
39 23 140
39 24 130
39 26 95
39 28 70
39 30 65
39 34 55
39 35 32
39 37 26
39 36 23
39 38 20
39 39 0
1 2 10.4
2 3 30.1
3 4 75
4 5 60.6
5 6 19.4
6 7 20.5
7 8 20.1
8 9 68
9 10 48
10 11 30
11 12 22
12 13 21
13 14 42
14 15 50
16 2 0.3
17 3 0.2
19 4 60.0
20 5 1.0
21 6 0.5
22 7 1.0
23 7 3.1
24 8 1.2
26 9 4.2
28 10 7.0
30 11 1.0
34 12 1.0
35 13 6.2
37 14 11.0
36 14 3.0
38 15 2.0
39 15 2.0
