1.surrogateopt 5000次迭代
solution = 包含以下字段的 struct:
       Lj: [0 104 297.5832 451.2352 606 153.2382 205 125.9060 525.5919 311.6893 273.9369 138.9351 209.5420 278.4280 0]
       Rj: [0 3.4168 298.7648 0 40.7618 0 75.0940 154.4081 168.3107 26.0631 81.0649 0.4580 141.5720 500 0]
      Xij: [7×15 double]
    flagi: [1 1 1 1 1 1 0]
       ni: [800 800 1000 591.2833 721.3111 1.2584e+03 0]
objectiveValue = 1.2957e+06

Xij:
0	0	0	40.0475231056915	510.723134306061	0	249.229342588249	0	0	0	0	0	0	0	0
0	24.1619512879930	148.833865728999	348.710880827627	15.8711976785299	24.3459389326296	0	238.076165544221	0	0	0	0	0	0	0
0	0	78.1938041282631	35.9194673461151	120.167461524443	94.0235879902733	0	26.9073362352251	644.788342775664	0	0	0	0	0	0
0	0	89.7968374595192	8.57228355688653	0	34.8686795680636	30.8646853033789	15.3306065230725	49.1141949679919	299.005072870204	0	0	40.9517593473613	22.7791637331571	0
0	83.2548260165311	279.523468516480	3.53093675017310	0	0	0	0	0	0	355.001819402084	0	0	0	0
0	0	0	14.4541552757210	0	0	0	0	0	38.7473265843163	0	139.393150314894	310.162148697522	755.648885112660	0
0	0	0	0	0	0	0	0	0	0	0	0	0	0	0